0.000000000000000000e+00 0.000000000000000000e+00 0.000000000000000000e+00
5.000000000000000000e-01 2.886751345948128655e-01 8.164965809277259234e-01
0.000000000000000000e+00 0.000000000000000000e+00 1.632993161855451847e+00
5.000000000000000000e-01 2.886751345948128655e-01 2.449489742783177881e+00
0.000000000000000000e+00 0.000000000000000000e+00 3.265986323710903694e+00
5.000000000000000000e-01 2.886751345948128655e-01 4.082482904638630394e+00
5.000000000000000000e-01 8.660254037844385966e-01 0.000000000000000000e+00
0.000000000000000000e+00 1.154700538379251462e+00 8.164965809277259234e-01
5.000000000000000000e-01 8.660254037844385966e-01 1.632993161855451847e+00
0.000000000000000000e+00 1.154700538379251462e+00 2.449489742783177881e+00
5.000000000000000000e-01 8.660254037844385966e-01 3.265986323710903694e+00
0.000000000000000000e+00 1.154700538379251462e+00 4.082482904638630394e+00
0.000000000000000000e+00 1.732050807568877193e+00 0.000000000000000000e+00
5.000000000000000000e-01 2.020725942163690281e+00 8.164965809277259234e-01
0.000000000000000000e+00 1.732050807568877193e+00 1.632993161855451847e+00
5.000000000000000000e-01 2.020725942163690281e+00 2.449489742783177881e+00
0.000000000000000000e+00 1.732050807568877193e+00 3.265986323710903694e+00
5.000000000000000000e-01 2.020725942163690281e+00 4.082482904638630394e+00
5.000000000000000000e-01 2.598076211353316012e+00 0.000000000000000000e+00
0.000000000000000000e+00 2.886751345948128655e+00 8.164965809277259234e-01
5.000000000000000000e-01 2.598076211353316012e+00 1.632993161855451847e+00
0.000000000000000000e+00 2.886751345948128655e+00 2.449489742783177881e+00
5.000000000000000000e-01 2.598076211353316012e+00 3.265986323710903694e+00
0.000000000000000000e+00 2.886751345948128655e+00 4.082482904638630394e+00
0.000000000000000000e+00 3.464101615137754386e+00 0.000000000000000000e+00
5.000000000000000000e-01 3.752776749732567030e+00 8.164965809277259234e-01
0.000000000000000000e+00 3.464101615137754386e+00 1.632993161855451847e+00
5.000000000000000000e-01 3.752776749732567030e+00 2.449489742783177881e+00
0.000000000000000000e+00 3.464101615137754386e+00 3.265986323710903694e+00
5.000000000000000000e-01 3.752776749732567030e+00 4.082482904638630394e+00
5.000000000000000000e-01 4.330127018922192761e+00 0.000000000000000000e+00
0.000000000000000000e+00 4.618802153517005848e+00 8.164965809277259234e-01
5.000000000000000000e-01 4.330127018922192761e+00 1.632993161855451847e+00
0.000000000000000000e+00 4.618802153517005848e+00 2.449489742783177881e+00
5.000000000000000000e-01 4.330127018922192761e+00 3.265986323710903694e+00
0.000000000000000000e+00 4.618802153517005848e+00 4.082482904638630394e+00
1.000000000000000000e+00 0.000000000000000000e+00 0.000000000000000000e+00
1.500000000000000000e+00 2.886751345948128655e-01 8.164965809277259234e-01
1.000000000000000000e+00 0.000000000000000000e+00 1.632993161855451847e+00
1.500000000000000000e+00 2.886751345948128655e-01 2.449489742783177881e+00
1.000000000000000000e+00 0.000000000000000000e+00 3.265986323710903694e+00
1.500000000000000000e+00 2.886751345948128655e-01 4.082482904638630394e+00
1.500000000000000000e+00 8.660254037844385966e-01 0.000000000000000000e+00
1.000000000000000000e+00 1.154700538379251462e+00 8.164965809277259234e-01
1.500000000000000000e+00 8.660254037844385966e-01 1.632993161855451847e+00
1.000000000000000000e+00 1.154700538379251462e+00 2.449489742783177881e+00
1.500000000000000000e+00 8.660254037844385966e-01 3.265986323710903694e+00
1.000000000000000000e+00 1.154700538379251462e+00 4.082482904638630394e+00
1.000000000000000000e+00 1.732050807568877193e+00 0.000000000000000000e+00
1.500000000000000000e+00 2.020725942163690281e+00 8.164965809277259234e-01
1.000000000000000000e+00 1.732050807568877193e+00 1.632993161855451847e+00
1.500000000000000000e+00 2.020725942163690281e+00 2.449489742783177881e+00
1.000000000000000000e+00 1.732050807568877193e+00 3.265986323710903694e+00
1.500000000000000000e+00 2.020725942163690281e+00 4.082482904638630394e+00
1.500000000000000000e+00 2.598076211353316012e+00 0.000000000000000000e+00
1.000000000000000000e+00 2.886751345948128655e+00 8.164965809277259234e-01
1.500000000000000000e+00 2.598076211353316012e+00 1.632993161855451847e+00
1.000000000000000000e+00 2.886751345948128655e+00 2.449489742783177881e+00
1.500000000000000000e+00 2.598076211353316012e+00 3.265986323710903694e+00
1.000000000000000000e+00 2.886751345948128655e+00 4.082482904638630394e+00
1.000000000000000000e+00 3.464101615137754386e+00 0.000000000000000000e+00
1.500000000000000000e+00 3.752776749732567030e+00 8.164965809277259234e-01
1.000000000000000000e+00 3.464101615137754386e+00 1.632993161855451847e+00
1.500000000000000000e+00 3.752776749732567030e+00 2.449489742783177881e+00
1.000000000000000000e+00 3.464101615137754386e+00 3.265986323710903694e+00
1.500000000000000000e+00 3.752776749732567030e+00 4.082482904638630394e+00
1.500000000000000000e+00 4.330127018922192761e+00 0.000000000000000000e+00
1.000000000000000000e+00 4.618802153517005848e+00 8.164965809277259234e-01
1.500000000000000000e+00 4.330127018922192761e+00 1.632993161855451847e+00
1.000000000000000000e+00 4.618802153517005848e+00 2.449489742783177881e+00
1.500000000000000000e+00 4.330127018922192761e+00 3.265986323710903694e+00
1.000000000000000000e+00 4.618802153517005848e+00 4.082482904638630394e+00
2.000000000000000000e+00 0.000000000000000000e+00 0.000000000000000000e+00
2.500000000000000000e+00 2.886751345948128655e-01 8.164965809277259234e-01
2.000000000000000000e+00 0.000000000000000000e+00 1.632993161855451847e+00
2.500000000000000000e+00 2.886751345948128655e-01 2.449489742783177881e+00
2.000000000000000000e+00 0.000000000000000000e+00 3.265986323710903694e+00
2.500000000000000000e+00 2.886751345948128655e-01 4.082482904638630394e+00
2.500000000000000000e+00 8.660254037844385966e-01 0.000000000000000000e+00
2.000000000000000000e+00 1.154700538379251462e+00 8.164965809277259234e-01
2.500000000000000000e+00 8.660254037844385966e-01 1.632993161855451847e+00
2.000000000000000000e+00 1.154700538379251462e+00 2.449489742783177881e+00
2.500000000000000000e+00 8.660254037844385966e-01 3.265986323710903694e+00
2.000000000000000000e+00 1.154700538379251462e+00 4.082482904638630394e+00
2.000000000000000000e+00 1.732050807568877193e+00 0.000000000000000000e+00
2.500000000000000000e+00 2.020725942163690281e+00 8.164965809277259234e-01
2.000000000000000000e+00 1.732050807568877193e+00 1.632993161855451847e+00
2.500000000000000000e+00 2.020725942163690281e+00 2.449489742783177881e+00
2.000000000000000000e+00 1.732050807568877193e+00 3.265986323710903694e+00
2.500000000000000000e+00 2.020725942163690281e+00 4.082482904638630394e+00
2.500000000000000000e+00 2.598076211353316012e+00 0.000000000000000000e+00
2.000000000000000000e+00 2.886751345948128655e+00 8.164965809277259234e-01
2.500000000000000000e+00 2.598076211353316012e+00 1.632993161855451847e+00
2.000000000000000000e+00 2.886751345948128655e+00 2.449489742783177881e+00
2.500000000000000000e+00 2.598076211353316012e+00 3.265986323710903694e+00
2.000000000000000000e+00 2.886751345948128655e+00 4.082482904638630394e+00
2.000000000000000000e+00 3.464101615137754386e+00 0.000000000000000000e+00
2.500000000000000000e+00 3.752776749732567030e+00 8.164965809277259234e-01
2.000000000000000000e+00 3.464101615137754386e+00 1.632993161855451847e+00
2.500000000000000000e+00 3.752776749732567030e+00 2.449489742783177881e+00
2.000000000000000000e+00 3.464101615137754386e+00 3.265986323710903694e+00
2.500000000000000000e+00 3.752776749732567030e+00 4.082482904638630394e+00
2.500000000000000000e+00 4.330127018922192761e+00 0.000000000000000000e+00
2.000000000000000000e+00 4.618802153517005848e+00 8.164965809277259234e-01
2.500000000000000000e+00 4.330127018922192761e+00 1.632993161855451847e+00
2.000000000000000000e+00 4.618802153517005848e+00 2.449489742783177881e+00
2.500000000000000000e+00 4.330127018922192761e+00 3.265986323710903694e+00
2.000000000000000000e+00 4.618802153517005848e+00 4.082482904638630394e+00
3.000000000000000000e+00 0.000000000000000000e+00 0.000000000000000000e+00
3.500000000000000000e+00 2.886751345948128655e-01 8.164965809277259234e-01
3.000000000000000000e+00 0.000000000000000000e+00 1.632993161855451847e+00
3.500000000000000000e+00 2.886751345948128655e-01 2.449489742783177881e+00
3.000000000000000000e+00 0.000000000000000000e+00 3.265986323710903694e+00
3.500000000000000000e+00 2.886751345948128655e-01 4.082482904638630394e+00
3.500000000000000000e+00 8.660254037844385966e-01 0.000000000000000000e+00
3.000000000000000000e+00 1.154700538379251462e+00 8.164965809277259234e-01
3.500000000000000000e+00 8.660254037844385966e-01 1.632993161855451847e+00
3.000000000000000000e+00 1.154700538379251462e+00 2.449489742783177881e+00
3.500000000000000000e+00 8.660254037844385966e-01 3.265986323710903694e+00
3.000000000000000000e+00 1.154700538379251462e+00 4.082482904638630394e+00
3.000000000000000000e+00 1.732050807568877193e+00 0.000000000000000000e+00
3.500000000000000000e+00 2.020725942163690281e+00 8.164965809277259234e-01
3.000000000000000000e+00 1.732050807568877193e+00 1.632993161855451847e+00
3.500000000000000000e+00 2.020725942163690281e+00 2.449489742783177881e+00
3.000000000000000000e+00 1.732050807568877193e+00 3.265986323710903694e+00
3.500000000000000000e+00 2.020725942163690281e+00 4.082482904638630394e+00
3.500000000000000000e+00 2.598076211353316012e+00 0.000000000000000000e+00
3.000000000000000000e+00 2.886751345948128655e+00 8.164965809277259234e-01
3.500000000000000000e+00 2.598076211353316012e+00 1.632993161855451847e+00
2.868896213024025421e+00 2.851572818896319195e+00 2.385659747678811726e+00
3.500000000000000000e+00 2.598076211353316012e+00 3.265986323710903694e+00
3.000000000000000000e+00 2.886751345948128655e+00 4.082482904638630394e+00
3.000000000000000000e+00 3.464101615137754386e+00 0.000000000000000000e+00
3.500000000000000000e+00 3.752776749732567030e+00 8.164965809277259234e-01
3.000000000000000000e+00 3.464101615137754386e+00 1.632993161855451847e+00
3.500000000000000000e+00 3.752776749732567030e+00 2.449489742783177881e+00
3.000000000000000000e+00 3.464101615137754386e+00 3.265986323710903694e+00
3.500000000000000000e+00 3.752776749732567030e+00 4.082482904638630394e+00
3.500000000000000000e+00 4.330127018922192761e+00 0.000000000000000000e+00
3.000000000000000000e+00 4.618802153517005848e+00 8.164965809277259234e-01
3.500000000000000000e+00 4.330127018922192761e+00 1.632993161855451847e+00
3.000000000000000000e+00 4.618802153517005848e+00 2.449489742783177881e+00
3.500000000000000000e+00 4.330127018922192761e+00 3.265986323710903694e+00
3.000000000000000000e+00 4.618802153517005848e+00 4.082482904638630394e+00
4.000000000000000000e+00 0.000000000000000000e+00 0.000000000000000000e+00
4.500000000000000000e+00 2.886751345948128655e-01 8.164965809277259234e-01
4.000000000000000000e+00 0.000000000000000000e+00 1.632993161855451847e+00
4.500000000000000000e+00 2.886751345948128655e-01 2.449489742783177881e+00
4.000000000000000000e+00 0.000000000000000000e+00 3.265986323710903694e+00
4.500000000000000000e+00 2.886751345948128655e-01 4.082482904638630394e+00
4.500000000000000000e+00 8.660254037844385966e-01 0.000000000000000000e+00
4.000000000000000000e+00 1.154700538379251462e+00 8.164965809277259234e-01
4.500000000000000000e+00 8.660254037844385966e-01 1.632993161855451847e+00
4.000000000000000000e+00 1.154700538379251462e+00 2.449489742783177881e+00
4.500000000000000000e+00 8.660254037844385966e-01 3.265986323710903694e+00
4.000000000000000000e+00 1.154700538379251462e+00 4.082482904638630394e+00
4.000000000000000000e+00 1.732050807568877193e+00 0.000000000000000000e+00
4.500000000000000000e+00 2.020725942163690281e+00 8.164965809277259234e-01
4.000000000000000000e+00 1.732050807568877193e+00 1.632993161855451847e+00
4.500000000000000000e+00 2.020725942163690281e+00 2.449489742783177881e+00
4.000000000000000000e+00 1.732050807568877193e+00 3.265986323710903694e+00
4.500000000000000000e+00 2.020725942163690281e+00 4.082482904638630394e+00
4.500000000000000000e+00 2.598076211353316012e+00 0.000000000000000000e+00
4.000000000000000000e+00 2.886751345948128655e+00 8.164965809277259234e-01
4.500000000000000000e+00 2.598076211353316012e+00 1.632993161855451847e+00
4.000000000000000000e+00 2.886751345948128655e+00 2.449489742783177881e+00
4.500000000000000000e+00 2.598076211353316012e+00 3.265986323710903694e+00
4.000000000000000000e+00 2.886751345948128655e+00 4.082482904638630394e+00
4.000000000000000000e+00 3.464101615137754386e+00 0.000000000000000000e+00
4.500000000000000000e+00 3.752776749732567030e+00 8.164965809277259234e-01
4.000000000000000000e+00 3.464101615137754386e+00 1.632993161855451847e+00
4.500000000000000000e+00 3.752776749732567030e+00 2.449489742783177881e+00
4.000000000000000000e+00 3.464101615137754386e+00 3.265986323710903694e+00
4.500000000000000000e+00 3.752776749732567030e+00 4.082482904638630394e+00
4.500000000000000000e+00 4.330127018922192761e+00 0.000000000000000000e+00
4.000000000000000000e+00 4.618802153517005848e+00 8.164965809277259234e-01
4.500000000000000000e+00 4.330127018922192761e+00 1.632993161855451847e+00
4.000000000000000000e+00 4.618802153517005848e+00 2.449489742783177881e+00
4.500000000000000000e+00 4.330127018922192761e+00 3.265986323710903694e+00
4.000000000000000000e+00 4.618802153517005848e+00 4.082482904638630394e+00
5.000000000000000000e+00 0.000000000000000000e+00 0.000000000000000000e+00
5.500000000000000000e+00 2.886751345948128655e-01 8.164965809277259234e-01
5.000000000000000000e+00 0.000000000000000000e+00 1.632993161855451847e+00
5.500000000000000000e+00 2.886751345948128655e-01 2.449489742783177881e+00
5.000000000000000000e+00 0.000000000000000000e+00 3.265986323710903694e+00
5.500000000000000000e+00 2.886751345948128655e-01 4.082482904638630394e+00
5.500000000000000000e+00 8.660254037844385966e-01 0.000000000000000000e+00
5.000000000000000000e+00 1.154700538379251462e+00 8.164965809277259234e-01
5.500000000000000000e+00 8.660254037844385966e-01 1.632993161855451847e+00
5.000000000000000000e+00 1.154700538379251462e+00 2.449489742783177881e+00
5.500000000000000000e+00 8.660254037844385966e-01 3.265986323710903694e+00
5.000000000000000000e+00 1.154700538379251462e+00 4.082482904638630394e+00
5.000000000000000000e+00 1.732050807568877193e+00 0.000000000000000000e+00
5.500000000000000000e+00 2.020725942163690281e+00 8.164965809277259234e-01
5.000000000000000000e+00 1.732050807568877193e+00 1.632993161855451847e+00
5.500000000000000000e+00 2.020725942163690281e+00 2.449489742783177881e+00
5.000000000000000000e+00 1.732050807568877193e+00 3.265986323710903694e+00
5.500000000000000000e+00 2.020725942163690281e+00 4.082482904638630394e+00
5.500000000000000000e+00 2.598076211353316012e+00 0.000000000000000000e+00
5.000000000000000000e+00 2.886751345948128655e+00 8.164965809277259234e-01
5.500000000000000000e+00 2.598076211353316012e+00 1.632993161855451847e+00
5.000000000000000000e+00 2.886751345948128655e+00 2.449489742783177881e+00
5.500000000000000000e+00 2.598076211353316012e+00 3.265986323710903694e+00
5.000000000000000000e+00 2.886751345948128655e+00 4.082482904638630394e+00
5.000000000000000000e+00 3.464101615137754386e+00 0.000000000000000000e+00
5.500000000000000000e+00 3.752776749732567030e+00 8.164965809277259234e-01
5.000000000000000000e+00 3.464101615137754386e+00 1.632993161855451847e+00
5.500000000000000000e+00 3.752776749732567030e+00 2.449489742783177881e+00
5.000000000000000000e+00 3.464101615137754386e+00 3.265986323710903694e+00
5.500000000000000000e+00 3.752776749732567030e+00 4.082482904638630394e+00
5.500000000000000000e+00 4.330127018922192761e+00 0.000000000000000000e+00
5.000000000000000000e+00 4.618802153517005848e+00 8.164965809277259234e-01
5.500000000000000000e+00 4.330127018922192761e+00 1.632993161855451847e+00
5.000000000000000000e+00 4.618802153517005848e+00 2.449489742783177881e+00
5.500000000000000000e+00 4.330127018922192761e+00 3.265986323710903694e+00
5.000000000000000000e+00 4.618802153517005848e+00 4.082482904638630394e+00
3.131103786975974579e+00 2.921929872999938116e+00 2.513319737887544036e+00
